Пример #1:

input:
10 13
0 1
0 2
1 3
2 3
2 4
3 4
1 6
6 7
5 7
7 8
6 9
3 9
4 9

output:
0: 2 1 
1: 3 6 0 
2: 0 4 3 
3: 9 1 2 4 
4: 2 9 3 
5: 7 
6: 1 9 7 
7: 6 8 5 
8: 7 
9: 4 6 3 

============================================

Пример #2 («домики и колодцы» - K3,3):

input:
6 9
0 3
0 4
0 5
1 3
1 4
1 5
2 3
2 4
2 5

output:
Not planar.

============================================

Пример #3 (Граф Петерсена):

input:
10 15
0 1
0 4 
0 5
1 2
1 6
2 3
2 7
3 4
3 8
4 9
5 7
5 8
6 8
6 9
7 9

output:
Not planar.

============================================

Пример #4 (Граф Петерсена без двух рёбер):

input:
10 13
0 1
0 4 
1 2
1 6
2 3
2 7
3 4
4 9
5 7
5 8
6 8
6 9
7 9

output:
0: 4 1 
1: 6 2 0 
2: 1 7 3 
3: 2 4 
4: 0 3 9 
5: 7 8 
6: 8 1 9 
7: 9 2 5 
8: 5 6 
9: 4 7 6 


============================================

Пример #5 (~ Треугольник, разбитый на 16 треугольников параллельными сторонам линиями):

input:
15 30
0 1
0 2
1 2
1 3
1 4
2 4
2 5
3 4
3 6
3 7
4 5
4 7
4 8
5 8
5 9
6 7
6 10
6 11
7 8
7 11
7 12
8 9
8 12
8 13
9 13
9 14
10 11
11 12
12 13
13 14

output:
0: 2 1 
1: 3 0 2 4 
2: 0 5 4 1 
3: 4 7 6 1 
4: 8 7 3 1 2 5 
5: 2 9 8 4 
6: 10 3 7 11 
7: 6 3 4 8 12 11 
8: 7 4 5 9 13 12 
9: 5 14 13 8 
10: 11 6 
11: 12 10 6 7 
12: 13 11 7 8 
13: 14 12 8 9 
14: 9 13 
